285|3|158|3|
711|4|834|4|
33|D|2|D|
33|D|43|D|
743|7|750|7|
134|6|440|8|
49|A|42|A|
319|3|313|3|
333|9|323|9|
564|6|558|2|
226|B|223|B|
33|D|43|D|
306|6|183|6|
711|4|834|4|
743|7|750|7|
59|7|69|7|
110|B|126|B|
333|9|323|9|
458|4|394|4|
440|8|450|8|
102|6|183|6|
34|D|2|D|
349|9|392|9|
2|D|33|D|
834|4|854|4|
387|8|440|8|
134|6|446|8|
82|3|158|3|
73|B|67|B|
834|4|844|4|
240|3|205|3|
743|7|750|7|
409|9|50|F|
711|4|834|4|
83|B|94|B|
94|9|9|C|
394|4|458|4|
82|3|475|7|
249|5|99|5|
139|9|94|9|
446|9|902|A|
693|3|695|3|
29|9|139|9|
44|B|58|B|
193|D|411|A|
49|A|42|A|
392|8|387|8|
349|9|376|9|
83|B|73|B|
692|3|694|3|
84|E|2|D|
711|4|834|4|
139|9|59|9|
442|9|902|A|
158|3|285|3|
854|4|902|A|
41|D|2|D|
834|4|854|4|
757|5|719|5|
94|9|139|9|
681|3|723|3|
387|8|440|8|
735|7|749|7|
251|F|260|F|
189|3|187|3|
874|4|915|4|
110|6|101|6|
97|B|110|B|
134|6|450|8|
2|D|44|B|
743|7|750|7|
49|A|42|A|
750|7|767|7|
844|4|860|4|
719|A|727|A|
785|2|260|F|
711|4|834|4|
446|9|678|7|
83|B|58|B|
633|A|641|A|
226|B|301|F|
93|B|97|B|
110|B|126|B|
349|9|59|9|
425|A|428|A|
458|4|394|4|
844|4|860|4|
634|3|639|3|
33|D|2|D|
428|6|141|4|
292|8|251|F|
333|9|396|9|
392|8|387|8|
223|7|475|7|
466|8|450|8|
231|7|218|7|
854|4|902|A|
226|B|279|F|
963|6|2|D|
854|4|860|4|
672|A|668|A|
202|B|191|B|
425|A|428|A|
26|B|44|B|
158|3|79|3|
429|8|440|8|
94|9|125|9|
750|5|621|5|
286|E|2|D|
110|6|96|4|
94|9|9|C|
583|4|449|7|
431|5|377|5|
119|C|233|C|
431|5|427|5|
149|C|134|C|
834|4|844|4|
139|9|139|9|
158|3|333|3|
73|B|97|B|
2|D|18|D|
218|7|231|7|
530|2|431|5|
84|E|33|D|
392|9|376|9|
509|9|678|7|
2|D|26|B|
209|B|178|B|
624|3|639|3|
2|D|98|C|
409|9|50|F|
439|E|134|C|
89|F|92|F|
139|9|509|9|
767|6|466|8|
695|A|902|A|
442|9|426|9|
34|D|43|D|
915|4|860|4|
193|D|428|A|
431|E|134|C|
275|F|279|F|
446|9|678|7|
94|9|10|9|
762|6|564|6|
441|A|641|A|
767|7|750|7|
43|D|2|D|
292|8|247|F|
735|7|750|7|
183|6|102|6|
292|8|247|F|
226|B|279|F|
742|7|746|7|
33|D|41|D|
333|9|509|9|
92|F|89|F|
110|B|135|B|
723|3|784|3|
409|9|396|9|
48|E|2|D|
743|7|750|7|
45|D|41|D|
247|F|260|F|
428|6|416|6|
834|4|860|4|
509|9|396|9|
178|3|57|5|
509|9|735|7|
2|D|149|F|
428|6|458|4|
33|D|41|D|
43|D|2|D|
183|6|101|6|
112|9|115|9|
369|D|2|D|
2|D|26|B|
82|3|333|3|
450|8|440|8|
139|9|132|9|
29|9|32|9|
333|9|446|9|
834|4|711|4|
715|4|860|4|
633|2|582|2|
586|6|601|6|
84|E|48|E|
139|9|2|D|
860|4|902|A|
692|3|694|3|
141|4|96|4|
757|5|719|5|
446|8|387|8|
82|3|223|7|
743|7|750|7|
94|9|101|9|
26|B|44|B|
69|7|59|7|
428|6|304|5|
94|9|59|9|
624|3|658|3|
441|8|439|8|
750|7|743|7|
546|B|694|3|
509|9|376|9|
446|8|451|8|
767|7|750|7|
546|B|694|3|
193|D|411|A|
139|9|125|9|
711|4|854|4|
586|6|554|4|
735|7|750|7|
98|C|119|C|
416|6|458|4|
137|F|126|F|
727|3|784|3|
2|D|19|B|
466|8|440|8|
583|4|449|7|
509|9|59|9|
46|9|376|9|
183|6|110|6|
2|D|58|B|
110|B|97|B|
2|D|110|B|
435|C|438|C|
238|B|226|B|
369|E|417|D|
727|3|639|3|
428|6|454|4|
33|D|369|D|
59|9|376|9|
530|2|427|5|
191|B|209|B|
446|9|735|7|
446|9|695|A|
134|6|446|8|
251|F|206|F|
286|E|2|D|
149|F|206|F|
152|F|149|F|
135|7|129|7|
636|4|594|4|
139|9|380|A|
442|9|678|7|
711|4|672|7|
139|9|392|9|
380|A|371|A|
191|B|178|B|
197|A|49|A|
94|9|125|9|
200|9|139|9|
29|9|333|9|
2|D|258|B|
711|4|672|7|
29|9|139|9|
750|7|767|7|
611|B|500|B|
376|9|446|9|
218|7|231|7|
214|9|9|C|
204|6|387|8|
94|9|59|9|
129|7|69|7|
19|B|44|B|
306|6|183|6|
200|9|139|9|
130|7|69|7|
139|9|2|9|
434|B|134|C|
467|8|450|8|
115|9|112|9|
191|B|202|B|
215|9|139|9|
214|9|9|C|
594|4|678|7|
2|D|409|A|
126|B|131|B|
107|B|103|B|
49|A|197|A|
225|B|228|B|
375|9|139|9|
436|A|641|A|
693|3|695|3|
10|9|695|A|
125|9|94|9|
915|4|854|4|
854|4|902|A|
93|B|103|B|
275|F|279|F|
387|8|397|8|
694|3|571|7|
352|C|48|C|
510|6|521|6|
387|8|440|8|
94|9|9|C|
59|7|69|7|
83|B|44|B|
439|E|134|C|
212|A|209|A|
860|2|418|2|
139|9|149|F|
32|9|139|9|
135|B|126|B|
750|7|767|7|
767|6|467|8|
29|9|32|9|
751|2|766|2|
711|4|672|7|
784|3|678|7|
110|6|140|4|
59|7|69|7|
834|4|711|4|
762|6|756|6|
110|6|96|4|
509|9|446|9|
549|7|555|7|
694|3|678|7|
29|9|2|D|
205|7|69|7|
442|9|902|A|
392|9|409|9|
94|9|139|9|
428|6|379|2|
137|F|206|F|
784|3|631|5|
723|3|784|3|
442|9|902|A|
163|D|409|A|
467|8|450|8|
43|D|18|D|
2|D|119|C|
139|9|44|B|
446|8|466|8|
333|9|59|9|
36|A|198|A|
447|E|500|B|
279|2|9|C|
139|9|446|9|
582|2|442|5|
204|6|387|8|
292|8|450|8|
582|2|633|2|
306|6|183|6|
442|5|427|5|
428|6|582|2|
207|F|204|F|
633|2|582|2|
292|8|247|F|
193|D|411|A|
436|A|641|A|
149|F|201|F|
44|B|19|B|
33|D|18|D|
124|D|2|D|
369|E|402|D|
915|4|854|4|
141|4|119|4|
785|2|260|F|
178|B|435|C|
583|4|449|7|
901|6|963|6|
226|B|750|5|
33|D|369|D|
428|6|306|7|
134|6|440|8|
2|D|411|A|
785|2|260|F|
727|3|681|3|
130|7|69|7|
764|3|631|5|
183|6|253|6|
633|2|582|2|
387|7|475|7|
458|4|252|7|
387|8|440|8|
33|D|369|D|
156|A|162|A|
223|7|637|7|
323|C|617|7|
94|9|9|C|
379|3|624|3|
695|A|708|A|
767|6|467|8|
59|7|69|7|
32|9|139|9|
258|B|603|C|
349|9|139|9|
59|9|392|9|
204|F|207|F|
582|2|304|5|
183|A|180|A|
197|A|49|A|
36|A|49|A|
694|3|678|7|
506|9|405|9|
735|7|731|7|
500|B|603|C|
139|9|42|A|
446|8|440|8|
2|D|42|A|
509|9|678|7|
33|D|2|D|
392|9|967|3|
2|D|369|D|
511|B|614|B|
454|4|458|4|
2|D|420|D|
369|E|417|D|
249|6|101|6|
29|9|139|9|
42|B|44|B|
2|D|915|4|
51|B|44|B|
530|2|431|5|
727|3|681|3|
43|D|2|D|
209|B|191|B|
193|D|436|A|
854|4|902|A|
131|B|121|B|
488|9|893|A|
376|9|396|9|
757|5|719|5|
634|3|639|3|
2|D|28|A|
257|5|304|5|
500|B|9|C|
59|9|94|9|
231|7|223|7|
205|7|69|7|
428|A|415|A|
69|7|129|7|
34|D|255|B|
59|7|69|7|
56|C|48|C|
831|2|260|F|
582|2|205|3|
396|9|446|9|
466|8|472|8|
678|7|735|7|
472|D|402|D|
46|9|376|9|
46|9|384|9|
408|6|416|6|
99|5|32|5|
279|F|275|F|
110|6|96|4|
750|7|742|7|
178|3|249|5|
46|8|10|8|
631|5|757|5|
73|B|44|B|
509|9|735|7|
197|A|49|A|
139|9|376|9|
110|B|73|B|
450|8|593|8|
560|3|624|3|
784|3|678|7|
59|7|69|7|
379|2|304|5|
447|E|434|B|
59|9|46|9|
874|4|915|4|
102|B|894|4|
751|2|440|8|
719|A|727|A|
416|6|141|4|
139|9|28|A|
135|B|126|B|
441|2|649|3|
83|B|107|B|
46|9|384|9|
2|D|162|A|
434|B|134|C|
844|4|902|A|
46|9|59|9|
733|7|743|7|
854|4|860|4|
431|5|149|F|
312|8|555|8|
149|3|218|7|
375|9|396|9|
193|D|531|A|
2|D|49|A|
89|F|92|F|
29|9|396|9|
311|D|2|D|
49|A|197|A|
149|F|31|F|
727|3|764|3|
63|8|206|F|
115|9|112|9|
396|6|756|6|
292|8|260|F|
743|7|678|7|
2|D|915|4|
695|A|708|A|
611|B|500|B|
139|9|409|9|
467|8|467|8|
286|E|2|D|
560|3|634|3|
32|9|94|9|
26|B|83|B|
724|A|719|A|
114|9|59|9|
369|E|472|D|
841|4|779|4|
582|2|506|5|
59|7|69|7|
711|4|854|4|
423|8|417|8|
322|A|313|A|
759|3|764|3|
333|3|285|3|
115|9|112|9|
439|E|447|E|
64|9|376|9|
633|2|582|2|
901|6|963|6|
509|9|392|9|
152|F|137|F|
445|8|450|8|
59|7|69|7|
565|C|9|C|
711|4|902|A|
110|B|137|B|
446|8|450|8|
678|7|724|7|
139|9|375|9|
509|9|409|9|
8|C|565|C|
874|4|878|4|
257|F|244|F|
387|8|440|8|
475|7|486|7|
750|5|757|5|
2|D|33|D|
442|5|427|5|
94|9|9|C|
183|6|110|6|
633|2|582|2|
352|C|48|C|
69|B|83|B|
89|F|50|F|
2|9|29|9|
212|2|149|F|
130|7|69|7|
672|A|668|A|
473|8|466|8|
719|5|757|5|
110|B|131|B|
359|D|2|D|
98|C|119|C|
207|F|260|F|
59|9|29|9|
137|F|260|F|
679|A|668|A|
475|8|450|8|
459|4|457|4|
711|4|672|7|
509|9|695|A|
32|9|10|9|
564|6|558|2|
99|5|32|5|
509|9|678|7|
226|B|279|F|
500|B|258|B|
139|9|384|9|
64|9|333|9|
854|4|834|4|
409|9|29|9|
139|9|64|9|
83|B|126|B|
125|9|114|9|
632|2|638|2|
251|F|260|F|
750|5|631|5|
727|3|784|3|
142|B|135|B|
369|E|417|D|
49|A|36|A|
390|6|564|6|
402|D|472|D|
226|B|279|F|
207|F|201|F|
854|4|538|4|
790|3|784|3|
183|A|216|A|
287|3|82|3|
732|4|583|4|
64|9|59|9|
784|3|631|5|
743|7|757|7|
125|9|114|9|
44|B|83|B|
162|A|157|A|
59|9|375|9|
137|F|149|F|
67|B|83|B|
258|B|719|5|
231|7|223|7|
59|9|59|9|
757|5|719|5|
306|7|135|7|
509|9|695|A|
496|3|504|3|
428|6|458|4|
125|9|101|9|
509|9|94|9|
114|9|59|9|
205|7|69|7|
678|7|571|7|
149|F|92|F|
32|9|59|9|
110|B|107|B|
139|9|380|A|
767|6|467|8|
517|6|450|8|
64|9|509|9|
611|B|511|B|
692|3|694|3|
380|A|371|A|
102|6|183|6|
428|6|141|4|
257|5|304|5|
384|9|396|9|
428|A|411|A|
260|F|206|F|
708|A|695|A|
395|8|397|8|
436|A|494|A|
509|9|733|7|
458|4|252|7|
205|3|240|3|
458|4|394|4|
839|2|850|2|
149|3|218|7|
59|9|446|9|
354|8|387|8|
311|D|2|D|
26|B|73|B|
583|4|449|7|
43|D|18|D|
349|9|384|9|
247|F|260|F|
197|A|49|A|
834|4|711|4|
29|9|2|D|
110|B|121|B|
125|9|94|9|
46|9|139|9|
467|8|450|8|
183|6|255|6|
442|7|449|7|
621|5|631|5|
32|9|349|9|
711|4|902|A|
26|B|58|B|
757|5|719|5|
28|A|36|A|
258|B|631|5|
26|B|58|B|
454|4|612|4|
82|3|475|7|
678|7|735|7|
546|B|500|B|
149|F|137|F|
94|9|105|9|
137|F|31|F|
634|3|639|3|
854|4|834|4|
83|B|26|B|
733|7|678|7|
428|6|458|4|
349|9|375|9|
201|F|179|F|
33|D|43|D|
41|B|44|B|
473|8|450|8|
428|6|454|4|
97|B|107|B|
458|4|394|4|
29|9|258|B|
500|B|9|C|
486|7|471|7|
732|4|583|4|
467|8|475|8|
134|C|119|C|
64|9|446|9|
711|4|854|4|
415|A|409|A|
457|4|459|4|
369|E|850|2|
779|4|834|4|
475|8|446|8|
483|7|488|7|
306|6|183|6|
436|A|428|A|
612|4|454|4|
359|D|43|D|
43|C|34|C|
139|9|323|9|
2|D|349|D|
139|9|132|9|
319|7|475|7|
69|7|129|7|
369|E|850|2|
83|B|93|B|
750|5|644|5|
784|3|631|5|
31|9|31|9|
503|9|509|9|
784|3|678|7|
559|A|531|A|
286|E|2|D|
192|C|163|C|
31|F|21|F|
46|9|32|9|
83|B|131|B|
333|3|658|3|
418|8|446|8|
446|8|440|8|
475|8|467|8|
216|A|183|A|
380|A|371|A|
380|A|371|A|
441|A|641|A|
69|B|61|B|
582|2|633|2|
275|F|279|F|
215|9|139|9|
139|9|380|A|
416|6|141|4|
304|5|312|5|
509|9|735|7|
258|B|631|5|
784|3|678|7|
59|7|69|7|
439|E|134|C|
32|9|46|9|
69|B|83|B|
24|8|175|8|
189|7|617|7|
94|9|125|9|
719|A|695|A|
376|9|375|9|
94|B|83|B|
779|4|834|4|
183|6|306|6|
183|A|216|A|
565|C|9|C|
509|9|733|7|
46|9|333|9|
97|B|83|B|
59|7|69|7|
426|9|446|9|
711|4|902|A|
14|2|477|2|
94|B|126|B|
352|3|639|3|
678|7|724|7|
384|9|51|9|
2|D|724|A|
183|6|306|6|
26|B|43|B|
43|D|34|D|
416|6|428|6|
178|3|249|5|
142|B|135|B|
216|A|183|A|
791|3|784|3|
29|9|258|B|
139|9|101|9|
158|3|285|3|
428|A|302|A|
379|2|304|5|
152|F|149|F|
73|B|83|B|
94|9|59|9|
162|A|157|A|
442|7|449|7|
439|8|450|8|
631|5|750|5|
212|2|149|F|
69|7|135|7|
749|7|757|7|
678|7|733|7|
387|7|223|7|
441|A|428|A|
447|E|434|B|
44|B|135|B|
199|B|209|B|
32|9|139|9|
633|A|695|A|
694|3|764|3|
416|6|141|4|
354|8|450|8|
137|F|50|F|
183|A|216|A|
436|A|425|A|
226|B|223|B|
509|9|376|9|
510|6|521|6|
409|A|347|A|
131|B|121|B|
784|3|764|3|
29|7|69|7|
349|9|446|9|
854|4|860|4|
767|7|750|7|
269|2|379|2|
94|B|93|B|
759|3|723|3|
152|F|149|F|
633|2|582|2|
322|A|313|A|
46|9|125|9|
142|B|135|B|
429|8|450|8|
517|6|450|8|
163|D|193|D|
19|B|58|B|
517|6|526|6|
509|9|446|9|
134|C|163|C|
83|B|137|B|
390|6|756|6|
878|4|874|4|
779|4|844|4|
767|6|467|8|
205|7|69|7|
529|4|583|4|
250|9|94|9|
439|E|134|C|
82|3|79|3|
16|A|274|A|
203|8|161|8|
59|9|384|9|
94|9|9|C|
46|9|64|9|
727|3|759|3|
436|E|443|E|
2|D|724|A|
759|3|719|3|
694|3|678|7|
226|B|301|F|
43|C|34|C|
583|4|449|7|
113|B|174|B|
767|7|750|7|
624|3|658|3|
517|6|450|8|
637|7|223|7|
257|F|247|F|
776|A|719|A|
292|8|247|F|
114|9|125|9|
32|9|29|9|
206|F|179|F|
99|5|249|5|
46|9|384|9|
2|D|915|4|
59|9|32|9|
292|8|251|F|
379|2|269|2|
205|3|240|3|
899|6|963|6|
240|3|205|3|
129|7|69|7|
757|5|719|5|
473|8|450|8|
34|C|48|C|
59|9|94|9|
417|8|423|8|
438|3|313|3|
135|B|126|B|
114|9|59|9|
51|B|67|B|
743|7|750|7|
888|4|901|4|
69|7|130|7|
530|2|431|5|
221|A|215|A|
446|8|397|8|
139|9|446|9|
183|6|102|6|
722|4|732|4|
89|F|92|F|
326|8|451|8|
416|6|141|4|
97|B|93|B|
708|A|695|A|
311|D|41|D|
385|5|427|5|
641|A|425|A|
773|2|601|2|
64|9|349|9|
529|4|583|4|
33|D|45|D|
723|3|681|3|
149|C|134|C|
193|A|49|A|
624|5|631|5|
737|4|508|4|
446|9|695|A|
43|D|2|D|
214|9|9|C|
509|9|733|7|
369|E|417|D|
844|4|834|4|
377|A|380|A|
852|4|711|4|
149|3|223|7|
26|B|83|B|
158|3|285|3|
508|C|503|C|
205|7|69|7|
409|A|428|A|
733|7|678|7|
847|A|840|A|
201|F|179|F|
257|5|304|5|
641|A|425|A|
258|B|719|5|
199|B|206|B|
139|9|396|9|
32|9|29|9|
624|3|649|3|
654|A|910|A|
114|9|94|9|
384|9|375|9|
112|9|405|9|
750|5|644|5|
397|8|354|8|
287|3|333|3|
205|3|240|3|
387|8|450|8|
257|5|304|5|
369|D|18|D|
433|5|427|5|
681|3|764|3|
467|8|440|8|
475|8|472|8|
579|8|552|8|
874|4|915|4|
15|A|42|A|
193|A|157|A|
46|9|376|9|
467|8|475|8|
431|5|377|5|
170|7|820|7|
376|9|442|9|
387|7|475|7|
743|7|733|7|
209|A|183|A|
149|3|223|7|
121|B|137|B|
757|7|767|7|
2|D|41|D|
43|D|349|D|
94|9|64|9|
126|B|135|B|
963|6|901|6|
509|9|46|9|
8|C|559|C|
292|8|251|F|
503|5|510|5|
214|9|9|C|
183|A|216|A|
719|A|727|A|
107|B|131|B|
43|B|58|B|
711|4|854|4|
258|B|592|B|
49|A|42|A|
31|F|72|F|
1|9|482|9|
29|9|376|9|
446|9|735|7|
908|4|882|4|
124|D|156|D|
655|4|663|4|
162|A|157|A|
84|E|33|D|
2|D|724|A|
59|7|69|7|
750|7|735|7|
94|9|9|C|
425|A|436|A|
83|B|135|B|
64|9|94|9|
779|4|834|4|
119|C|197|C|
347|A|339|A|
343|3|352|3|
229|A|216|A|
638|2|632|2|
750|5|645|5|
384|9|375|9|
311|D|43|D|
750|5|631|5|
183|A|216|A|
733|7|743|7|
722|6|767|6|
429|8|440|8|
199|B|205|B|
727|3|784|3|
191|6|134|6|
789|4|844|4|
287|3|82|3|
125|9|376|9|
137|F|92|F|
110|B|126|B|
209|B|223|B|
103|B|126|B|
103|B|83|B|
694|3|758|3|
450|8|599|8|
130|7|69|7|
134|6|191|6|
83|B|135|B|
252|4|202|4|
46|F|357|F|
42|A|49|A|
29|9|349|9|
70|B|67|B|
727|3|639|3|
183|D|193|D|
834|4|854|4|
292|8|251|F|
446|8|439|8|
197|C|119|C|
439|E|447|E|
509|9|215|9|
431|5|427|5|
633|A|695|A|
434|A|425|A|
258|B|614|B|
767|6|467|8|
440|8|432|8|
275|F|279|F|
59|7|69|7|
178|3|249|5|
756|A|49|A|
231|7|223|7|
446|8|467|8|
252|7|314|7|
114|9|94|9|
149|3|135|3|
126|B|131|B|
840|A|847|A|
649|3|624|3|
73|B|83|B|
447|E|500|B|
784|3|764|3|
32|9|59|9|
257|5|304|5|
552|8|579|8|
750|7|742|7|
475|8|467|8|
162|A|157|A|
29|9|396|9|
49|A|36|A|
191|B|209|B|
472|D|402|D|
32|5|99|5|
69|7|129|7|
467|8|475|8|
64|9|94|9|
258|B|511|B|
204|6|387|8|
631|5|621|5|
387|8|450|8|
854|4|860|4|
509|9|735|7|
97|B|93|B|
183|D|160|D|
183|D|160|D|
750|7|743|7|
582|2|506|5|
130|7|69|7|
134|6|450|8|
915|4|854|4|
509|9|59|9|
711|4|860|4|
125|9|94|9|
711|4|834|4|
258|B|603|C|
94|9|9|C|
433|5|427|5|
582|2|506|5|
441|A|641|A|
130|7|69|7|
583|4|732|4|
214|9|9|C|
215|9|509|9|
135|3|149|3|
110|B|126|B|
129|7|69|7|
530|2|431|5|
46|9|376|9|
767|6|467|8|
231|7|223|7|
29|7|69|7|
475|8|467|8|
743|7|733|7|
439|E|134|C|
711|4|834|4|
131|B|126|B|
94|9|9|C|
767|7|750|7|
633|A|695|A|
594|4|678|7|
678|7|735|7|
767|6|467|8|
94|9|509|9|
511|B|258|B|
59|9|64|9|
617|7|189|7|
202|B|191|B|
94|9|509|9|
915|4|854|4|
110|B|97|B|
29|9|32|9|
757|7|767|7|
157|A|162|A|
43|D|349|D|
214|9|9|C|
